-0.23237348
0.66845614
0.08925575
0.72688091
0.02763182
0.06698102
-0.07239148
1.29128206
-0.37076899
0.00775009
-0.15550977
-0.19413984
0.46620280
-0.31643128
0.26389182
-0.00671726
1.34578979
0.08080244
-0.28928494
0.20854431
-0.12740618
-0.09668189
-0.09599650
0.69295394
0.72847646
-0.22170046
1.42595410
0.09010053
0.24202615
0.08005875
1.49725163
0.15892398
0.47349006
-0.34193552
1.06762075
0.67321062
-0.14172801
0.82256871
-0.01220429
0.54855323
0.14642376
-0.16084048
1.57351208
-0.06312418
0.43048936
0.27330416
1.20100272
-0.17397586
0.33556917
0.18396086
0.00632185
0.98699427
-0.21115458
0.53938651
0.78337401
-0.13390994
0.95907676
0.30965406
0.26839042
0.27226615
-0.01666713
0.01598999
1.01116812
0.55189705
