1.62503195
1.19324517
0.75594932
0.77266502
0.78338289
0.91584271
0.96379364
1.24462295
1.12270772
0.77349859
1.04260206
0.79821938
0.97304624
0.95441985
1.02952242
1.06710434
1.06317401
0.74433571
0.32297987
0.83527589
1.40792727
1.41972935
0.53168511
1.13571882
1.32301998
1.07214594
1.29571509
0.92088377
0.95606697
0.82077879
1.20321441
1.44306397
0.84346414
1.15217865
0.70951331
1.13940525
1.12675929
0.35643896
1.15781832
1.21305716
0.92595792
1.26258492
0.80065364
1.21921849
0.68990225
0.62995446
1.04847229
0.85123795
1.30089903
0.86015821
0.43311191
0.85294849
0.65063596
0.59605289
0.53848690
0.51395619
0.78294134
0.99657160
1.24878740
1.09608257
1.01539576
0.99366164
0.57402766
1.11511350
0.77935028
0.83386564
0.67477328
1.30229616
1.13984752
1.16911280
0.72059882
0.72234631
1.08405685
0.66458237
0.98345643
0.90034139
0.57221311
1.02003157
0.88163537
0.87129903
0.90047276
0.74260831
1.27195156
0.46452200
0.94896942
0.54069090
0.82251275
1.25930178
0.54543912
1.00889850
0.70325363
1.26627064
1.08077526
0.85886705
0.77787697
0.60873234
0.96060359
0.58014697
1.12112212
1.04782355
0.94768822
0.88342291
0.85951740
1.00916445
0.45759541
0.89648294
0.87529767
0.85888648
0.90194893
0.79705054
1.38711071
1.28373468
0.73549587
1.18859756
1.21534193
1.13045502
0.62548357
1.03717697
0.93492538
0.86689723
0.46236238
0.79677057
0.95712823
0.95360261
1.46231484
1.03850996
0.94041705
0.63370955
