1.10127437
1.77175581
0.67754889
1.13002622
-0.36727601
1.28359222
0.62902057
1.04099286
0.60152036
0.74734938
-0.02871564
0.65717983
0.79347831
1.04856575
1.41773748
1.00371242
0.66809589
0.80583364
-0.35689557
0.75004613
0.88751978
0.98521650
-0.52061397
0.97567946
1.06814241
0.79525602
-0.08817482
1.47815776
1.46288860
1.69880140
0.42881134
-0.20438859
1.48498249
0.48067409
0.87852752
1.18939233
2.11181402
0.92608839
1.03342128
1.41540360
0.75977683
0.52697074
1.52616191
0.86309439
-0.24465513
-0.03530505
1.61734402
0.41933057
-0.23559716
1.10237861
0.85437870
1.10178399
1.74210298
1.41500127
1.16093636
1.22364998
0.13658071
0.72372425
-0.49737835
0.58549708
-0.00614429
1.73993683
-0.17728679
1.51775396
1.21173966
0.99729663
1.62808013
1.41716623
1.60054731
0.21057588
0.55800271
1.42178631
0.33668837
0.36504960
1.17523503
1.69804513
0.16445324
0.43562800
0.93208277
-0.35770917
0.74219173
-0.14575584
-0.09458759
0.69438982
0.24372220
1.06813312
0.17797843
-0.33476490
0.90554667
1.19708002
0.95024091
0.75268304
1.07483661
1.37565231
1.32774568
0.40869659
-0.48069715
0.92364478
1.48306060
1.72786582
0.92375934
2.18878222
0.22763976
1.01658416
-0.04467495
1.38980377
1.58554780
-0.09940619
0.64788800
0.32152170
1.31118584
0.11985964
0.41076377
1.12973130
0.74011225
-0.53619111
1.44961071
1.34290671
1.02498782
0.25593632
-0.61965203
0.66100490
1.96608758
1.83265996
1.49127698
1.96449804
0.28496563
0.92974281
